PIX @9C 002 000
ADD *88 @9C @9C
JEQ 01E @9C @6C
JEQ 0EE @9C @6C
JEQ 0E1 @9C @6C
JEQ 021 @9C @6C
JEQ 02D @9C @6C
JEQ 0DD @9C @6C
JEQ 0D2 @9C @6C
JMP @00 000 000
000 000 000 000
000 000 000 000
000 000 000 000
000 000 000 000
000 000 000 000
000 000 000 000
000 000 000 000
000 000 000 000
000 000 000 000
000 000 000 000
000 000 000 000
000 000 000 000
000 000 000 000
000 000 000 000
000 000 000 000
000 000 000 000
000 000 000 000
ADD 001 @88 @88
JMP @00 000 000
000 000 000 000
000 000 000 000
000 000 000 000
000 000 000 000
000 000 000 000
08C 000 000 000
001 010 -01 -10
001 010 -01 -10
000 000 000 000
000 000 000 000
011 000 000 000
000 000 000 000
000 000 000 000
000 000 000 000
000 000 000 000
000 000 000 000
000 000 000 000
000 000 000 000
000 000 000 000
000 000 000 000
000 000 000 000
000 000 000 000
000 000 000 000
000 000 000 000
000 000 000 000
000 000 000 000
000 000 000 000
000 000 000 000
000 000 000 000
000 000 000 000
000 000 000 000
000 000 000 000
000 000 000 000
000 000 000 000
000 000 000 000
