Version 0.9.7
5
 4 10 175 77 128 0 1
 5 80 400 206 81 2 2
 0 224 153 877 276 8 3
 1 522 64 206 81 140 4
 3 505 492 203 58 150 5
 0
23
 255 5 71 189 71 189 277 189 277 189 277 180 277 180 0 1 0 3
 255 5 329 180 329 180 329 180 329 401 329 401 329 401 0 3 0 3
 0 5 71 288 71 288 71 414 71 414 277 414 277 414 0 1 0 3
 0 5 303 167 303 167 303 167 303 414 303 414 303 414 0 3 0 3
 0 5 537 133 537 133 535 133 535 167 537 167 537 167 0 4 0 3
 255 5 537 75 537 75 486 75 486 180 485 180 485 180 0 4 0 3
 0 5 498 414 498 414 498 529 498 529 516 529 516 529 0 3 0 5
 255 5 602 362 602 362 602 362 602 401 602 401 602 401 0 3 0 3
 0 5 602 219 602 219 602 219 602 167 602 167 602 167 0 3 0 3
 12615680 5 628 219 628 219 755 219 755 102 711 102 711 101 0 3 0 4
 12615680 5 641 323 641 318 776 318 776 86 692 86 692 101 0 3 0 4
 12615680 5 576 336 576 336 818 336 818 72 673 72 673 101 0 3 0 4
 12615680 5 550 349 550 349 854 349 854 59 654 59 654 101 0 3 0 4
 16776960 5 615 219 615 219 640 219 640 101 635 101 635 101 0 3 0 4
 16776960 5 628 323 628 337 531 337 531 101 616 101 616 101 0 3 0 4
 16776960 5 589 323 589 323 519 323 519 88 597 88 597 88 0 3 0 4
 16776960 5 550 258 550 258 550 75 550 75 578 75 578 75 0 3 0 4
 65280 5 576 258 576 258 463 258 463 581 611 581 611 536 0 3 0 5
 65535 5 641 258 641 258 726 258 726 536 691 536 691 536 0 3 0 5
 65535 5 615 323 615 360 689 360 689 536 671 536 671 536 0 3 0 5
 65535 5 563 362 563 362 667 362 667 536 651 536 651 536 0 3 0 5
 65535 5 563 245 563 245 641 245 641 536 631 536 631 536 0 3 0 5
 0 5 589 232 589 232 589 232 602 232 602 232 602 232 0 3 0 3
1
 7083 1 16 544 271 5 0 0 9388 3
