Version 0.9.7
5
 4 10 175 77 128 0 1
 5 80 400 206 81 2 2
 0 130 115 877 276 8 3
 1 133 445 206 81 140 4
 3 391 471 203 58 150 5
 0
19
 255 5 71 215 71 215 71 220 71 220 183 220 183 220 0 1 0 3
 255 5 71 189 71 189 71 142 71 142 183 142 183 142 0 1 0 3
 0 5 71 288 71 288 71 363 71 363 183 363 183 363 0 1 0 3
 0 5 274 324 274 324 258 324 258 363 274 363 274 363 0 3 0 3
 0 5 148 514 148 514 84 514 84 376 183 376 183 376 0 4 0 3
 255 5 71 228 71 228 105 228 105 456 148 456 148 456 0 1 0 4
 65408 5 261 181 261 181 322 181 322 181 322 456 322 456 0 3 0 4
 65408 5 235 194 235 194 235 192 303 192 303 456 303 456 0 3 0 4
 65408 5 222 207 222 207 285 207 285 456 284 456 284 456 0 3 0 4
 65408 5 196 220 196 220 196 219 233 219 233 456 265 456 0 3 0 4
 16711680 5 274 220 274 220 272 220 272 456 246 456 246 456 0 3 0 4
 16711680 5 248 181 248 181 221 181 221 469 227 469 227 469 0 3 0 4
 16711680 5 209 207 209 207 162 207 162 456 208 456 208 456 0 3 0 4
 16711680 5 183 324 183 324 175 324 175 456 189 456 189 456 0 3 0 4
 0 5 402 508 402 508 353 508 353 376 352 376 352 376 0 5 0 3
 0 5 365 363 365 363 365 363 365 376 365 376 365 376 0 3 0 3
 32896 5 235 285 235 285 399 285 399 515 437 515 437 515 0 3 0 5
 32896 5 248 298 248 298 407 298 407 515 457 515 457 515 0 3 0 5
 32896 5 261 311 261 311 419 311 419 515 477 515 477 515 0 3 0 5
1
 7085 1 16 177 233 5 0 0 9388 3
