Version 0.9.7
7
 4 15 285 77 128 0 1
 5 80 400 206 81 2 2
 0 154 228 877 276 8 3
 1 360 88 206 81 140 4
 3 536 544 203 58 150 5
 1 238 520 206 81 159 6
 6 644 5 449 130 171 7
 0
43
 255 5 76 312 76 204 147 204 147 476 207 476 207 476 0 1 0 3
 255 5 76 299 76 299 76 242 76 242 207 242 207 242 0 1 0 3
 255 5 298 242 298 242 298 242 298 294 298 294 298 294 0 3 0 3
 255 5 233 476 233 476 233 531 233 531 253 531 253 531 0 3 0 6
 255 5 220 242 220 242 220 99 220 99 375 99 375 99 0 3 0 4
 65793 5 259 255 259 255 259 157 259 157 375 157 375 157 0 3 0 4
 65793 5 441 437 441 437 441 437 441 489 441 489 441 489 0 3 0 3
 65793 5 76 398 76 398 76 489 76 489 207 489 207 489 0 1 0 3
 65793 5 76 385 76 385 76 255 76 255 207 255 207 255 0 1 0 3
 65793 5 253 589 253 589 220 589 220 589 220 489 220 489 0 6 0 3
 65280 5 337 437 337 437 389 437 389 437 389 531 389 531 0 3 0 6
 65280 5 324 437 324 437 324 460 384 460 384 531 370 531 0 3 0 6
 65280 5 350 437 350 437 408 437 408 437 408 531 408 531 0 3 0 6
 65280 5 363 437 363 437 427 437 427 437 427 531 427 531 0 3 0 6
 16776960 5 311 398 311 473 372 473 372 531 351 531 351 531 0 3 0 6
 16776960 5 311 333 311 331 301 331 301 486 332 486 332 531 0 3 0 6
 16776960 5 313 531 313 497 289 497 289 326 337 326 337 333 0 6 0 3
 16776960 5 294 531 294 531 279 531 279 291 363 291 363 333 0 6 0 3
 16711935 5 298 398 298 398 205 398 205 36 549 36 549 99 0 3 0 4
 16711935 5 324 294 324 294 324 48 530 48 530 99 530 99 0 3 0 4
 16711935 5 350 294 350 294 350 65 511 65 511 99 511 99 0 3 0 4
 255 5 610 242 610 242 610 32 610 32 660 32 660 32 0 3 0 7
 0 5 844 437 844 437 844 437 844 489 844 489 844 489 0 3 0 3
 65535 5 792 294 792 294 792 122 993 122 993 128 993 128 0 3 0 7
 65535 5 805 294 805 294 805 131 1006 131 1006 128 1006 128 0 3 0 7
 65535 5 818 294 818 294 818 140 1019 140 1019 128 1019 128 0 3 0 7
 16711680 5 402 398 402 398 402 429 831 429 831 398 831 398 0 3 0 3
 16711680 5 441 333 441 333 441 381 818 381 818 398 818 398 0 3 0 3
 16711680 5 415 398 415 398 415 406 753 406 753 398 753 398 0 3 0 3
 16711680 5 428 398 428 398 428 419 766 419 766 398 766 398 0 3 0 3
 255 5 753 294 753 294 753 294 753 242 753 242 753 242 0 3 0 3
 65535 5 831 294 831 294 831 128 831 128 1032 128 1032 128 0 3 0 7
 65535 5 844 294 844 294 844 128 844 128 1045 128 1045 128 0 3 0 7
 65535 5 766 294 766 294 766 128 766 128 1058 128 1058 128 0 3 0 7
 65535 5 779 294 779 294 779 128 779 128 1071 128 1071 128 0 3 0 7
 16711808 5 831 437 831 437 831 590 722 590 722 588 722 588 0 3 0 5
 0 5 519 489 519 489 519 581 519 581 547 581 547 581 0 3 0 5
 16711808 5 753 437 753 437 753 625 702 625 702 588 702 588 0 3 0 5
 16711808 5 766 437 766 437 766 637 682 637 682 588 682 588 0 3 0 5
 16711808 5 818 437 818 437 818 686 662 686 662 588 662 588 0 3 0 5
 16711935 5 492 99 492 99 492 81 367 81 367 294 376 294 0 4 0 3
 16744448 5 376 398 376 358 404 358 404 97 416 97 416 99 0 3 0 4
 16744448 5 389 398 390 398 390 89 435 89 435 99 435 99 0 3 0 4
2
 7181 1 24 292 346 5 0 0 9388 3
 7047 1 16 747 346 5 0 0 0 3
